15 15
2 2
13 13
15 15
4 4
5 6
1 1
18 20
3 3
6 7
17 17
2 2
9 9
12 12
2 2
9 9
10 11
14 14
3 3
7 7
9 9
14 14
10 10
10 10
9 9
7 7
6 6
3 3
3 4
5 6
6 6
5 5
16 16
24 24
1 2
6 6
4 4
7 8
5 5
7 7
7 7
12 12
6 6
8 8
9 9
20 20
9 9
23 24
5 5
9 9
9 9
16 16
6 6
6 6
6 6
12 12
8 8
4 4
17 17
8 8
3 3
14 14
2 2
9 9
11 11
10 10
14 14
12 12
18 18
3 4
6 6
3 4
3 3
16 16
9 9
1 2
13 13
6 6
6 6
13 13
1 2
2 2
2 2
7 7
16 16
13 14
6 7
6 6
8 8
4 4
3 3
5 6
3 3
5 5
10 10
6 6
11 11
8 8
9 9
1 2
5 5
4 4
6 6
12 12
4 4
7 7
3 3
12 13
3 3
2 2
5 5
12 12
4 5
18 18
21 21
17 17
2 2
1 1
1 2
9 9
13 13
9 9
6 6
7 7
5 5
16 16
10 10
1 1
7 7
8 8
8 8
3 3
15 15
7 7
11 11
13 13
11 11
6 6
7 8
9 10
2 2
8 8
9 9
8 8
9 9
18 18
7 7
4 4
5 5
17 17
22 22
6 6
3 3
5 5
3 3
8 8
7 7
17 17
10 11
11 11
5 5
10 10
6 6
3 4
1 2
1 1
5 5
14 14
8 8
13 13
3 3
10 10
7 7
17 17
3 3
14 14
5 5
8 8
7 8
11 11
3 3
10 10
12 12
14 14
3 3
11 11
15 15
6 6
4 4
5 5
14 14
16 16
9 9
6 6
12 12
6 6
20 20
5 5
14 14
7 7
