180 65 51860 80 1336 12.0792270531 9964094 305 17408 0 12847 6
616 92 11439 5 107206
33 4447 39 170 3740 924 33 107206
844 0.434852173913 22360 528 3 78 64 5 177568
12 33 1089 241 7
79 33 165 33 15
8840 86 516 5759 6 1232 166 315
180 90 64 3498 19720 0 13733 208 20878 42 72 8860 1092
60 6678 1162 516 1212 1
132 17 100476 16.1316129032 11355
24 14 110 323 3572 16 270 3101 1 240.423076923 35005600.0 3230 3740 3
559 1947 33 15
11607 25856 660 5883 4167 625950
650 0 5759 17 10670 28 3165 4174950
270 2560 132 33 33 15
36 84 1760 924 33 1046276 9.80549019608 20378 1 1336 0
1947 66 33 21707 0 105651
1296 3600 295 482 240 1140 8 24 5759 72
616 2832 1305 40 5759 3
180 31 115180 0 268775
129 9191 0 12847 0 3084 18 58886.2318841 1625260.0 68 15
936 46793 11 11 1336 0.805281803543 489608
1736 7596 70 121825 33 33 3531171 61 93030
330 72 100647 1320 86 86 2492750
180 33 33 3952 28 2256150 134
86 3 780 12847 6256 129494 3987 3
18 64 0 2256150 618 143070
170 680 4 15
125 14582 4452 3185 33 33
616 462 33 160 32 547
132 1113 49 147 29290 8 1405 180 11364 33 1089 21707 6
36 896 0.145541327125 3640580 27.7822222222 31624
462 1815 16107 9369 2384746 0.908575581395 21707 0 2492750
86 16 24 1140 4 11 1336 46 10744 0 13733 898 1908 3165 4174950
237 86 172 165 726 80 6
462 165 726 2030 8 1023 33
270 1216 0 268775
4075652 12.502 1152 2226 19575 12768
366 315 121301 131 24 13733 238
3636 2817 57904 92587 33 5247 270 3101 3
641 1282 41 2492750
844 4 121825 0.0351140321312 21707 3 120 0 268775
118 14288 41673 546650
25158 94 44 21707 3
420 189613 44 72064 1881750 268
211 264 832 1908 870 0 5759 86 86 775 4235 69 107206
242 1398 23634 570 3.33386666667 1729425 245 217070 47090 2295
1266 1023 45642 924 99 430 215 2210 3230 510 3 330 4575 1 23656 89043
1720 795 14550 79356 15 3638 33668 4139
645 637 77 56 7 268775
64 231 33 24 5759 0.113145391194 86385 356 15
18 832 105 3125 50004 429 66 435 80 161252
43 795 677 60691 24 2210 170 5715
726 187 1218 121825 72
66 4575 288 7 2256150 268
3015 197 550 1120 2013 12 7 1337050 2365 215
211 510 413 330 21630 122711 72
132 240 83284 4.58452511918 12847 6 33 33
210 7171 219 76639 3125 2261 8 1023 33 107206
1086 1564 154 53 1430 665 8 67
180 0 1020500 11668 216 101 447200
45 6800 170 455 165 42 83 36 53160
129 8250 1666 10064 0 13733 898 2006 30
7704 57 165 33 104 12847 0.00471439129976 5759 6
946 3 78 102302 4240 0 268775
3636 24 11961 32 172568 6843200 134
86 636 141 113764 8 151063 5.68272727273 60691 1.34213633924 1672482 1268
1266 360 64 33 1089 39 4440 9595 0
36 64 4 144 5759 6 288 18 85 5209150 3225 860
1062 17694 1455 12847 6 5 735 18 90
1050 522 3498 236340 25085 13 6157 29238 86 86
120 49906 4873 6 3498 15288 1389 4335 10632 37 3638 10632 9
45 5520 18377 871 63
8840 0.376367878377 170952 25654 385 22 72256 3240 1.42472934473 4778525 13290 24 728 14
215 3225 295 320 22225 1751750
3908 1023 33 482 288 99 33 312 12847 6
43 1150 2092 86 86 7 268775
0 12847 0 5780 257541 0.435230635335 110 1212 2092 86 86 67
77 33 1023 21707 12 4320 429 33 33
0 12847 2 4959 17076 4845 772 107206
1266 34 14 241 10 1320 3 203
0 68665 0.843703603725 53160
473 14000 1342 72 33 33
18 64 5 2598 447200
768 3498 15806 66 33 444 32224 8989 385 80 161252
211 92 4575 192 1992818 24.6344827586 81507 10065 1 105651
2048 49293 29 66 66
211 510 0 765375 3125 34380.5 923224.615385 86 83284 13100 6
1688 108.713043478 60009600.0 500080.0 162 2268 247650 3153
180 42 19720 8 44 21707 12 6996 1162 36 53160
0.239685582822 13894400 3740 2210 3230 2380 63
645 3128 15378 903 1062 48 5759 1 1044 1000 34 826 723 7
33 5247 723
1929 14 98688 41 21707 0 33924 8 64 6996 1162 72 3101 12 16716
86 636 11 416 144 572288 11.5759259259 2724 59805
7196 2072 312 13290 952
0 21707 12 66 33 33 115180 0.0351140321312 21707 3
71 365683 2.29394495413 156 121825 36
500 25004 9136 217070
99 66 3110 13 15064
79 44 1320 252 14823
72 948 901062 33 726 1305 72 31624
270 64 0 3365375 202 2218612 4
270 896 60 29290 192 103792 0.191162079511 208 121825 36
270 128 0 1106950 10001 4603 46346.3263598 2695431200.0 86.8194444444 86 86 67
1266 59 4 3758300 909 162 837 29238 0 8970
440070 1282 641 7
1477 510 5247 33 5247 33 21707 0 105651
800 14812 88 11 1336 22 2400 954 4150 48 13733 238
172 9191 18 2560 3
1266 100 4669 3224 141 0 268775
3225 430 31 21707 6 60 0 2256150 134
632 0.28091225705 231720 210 104 12847 6 33 33 15
215 430 205390 600 21707 37 2046 86 172 2400 0 5064150 19749
88 23455 3987 6 600 258 19935 14 27775 8 26214 41 151063 25917 112 7238
2464 416 86 86 4829 1 21707 86 86 18184 838500
19 1150175 361075 1051
4112 37 1817 83346 110
36 2138.02318841 622599600.0 247.564356436 14
1003 1710 86 86 5759 72
1688 177 76 305 646 36 3101 6 6800 3230 21
365 807 178 2080 651210 107829 5 86 172 5759 18
616 32 48 161252
180 33 33 6 2684288 960 11 129052.903226 1125180.0 33 33
180 5247 33 10704 120722 120 5759 3
105 632 8 3332 3987 1 2400 132 1947 2256150 134
1055 360 1843 15308 1116 23675 425280 6
1040 15 2809
180 34 4235 3975 10755668 56.8272727273 43441 5316 0.00471439129976 30124 0.168740720745 3101 3
2090 5953 1076 503 53160
180 4313190 9.05942028986 268775
17 89920 2200 924 33 21707 3
186 143773 5445 12847 1 840 3 208 73095 11108175
390 15 2319 2057575
72 222 6565 525 323 39292 41 107206
23 72 9746 28302 11 1336 26 3332 58033 272265 146 5759 3
180 14 174 1344 10 9616.92307692 2500400.0 52 177 312 12847 3
183 961 19469125 285 14 87 6
270 896 3 62 5871 6.41128205128 8236
520 1786 16 86 172 780 594 132 15
270 3740 170 261 12 15
946 5 9555 31 21707 3
3740 2380 3224 35 626 20378 24 182 93 60 3
12 147 19412 1431 4097 7
726 66 606763 13 340 6800 4036 33
385 48 104 13290 208 824 33 33 312 57590 38192 20178 3987 3
1266 360 64 320 641 641 132 132 796 140812
108 712 641 28204 1282 1023 1617 6504 10632 3
473 6188 0 12847 6 33 33 372 483
645 2240 671 41 6636 1144 32 194 40672 32 148 2492750
645 35088 25085 15 1908 48 24365 1252 6 6157 29238 12 6996 626 901062 0.0702280642624 107206
1786 641 1923 12 2077
0 12847 0.00471439129976 5759 36 4575 896 20 15
885 18530 427.028571429 117545120.0 355690.704225 330 14586 41 107206
14 3987 24 60 3 660 610 86 86
242 1431 31 3952 429 33
270 576 15 160 0 3365375 10 21707 18
5556 3704 1 21707 24 439 33 33 1040 0 2256150 6 30124 1053
17022 5247 33 19720 212 812 121825 16 10168 31 19720 86 86 30124 5434 147
885 9265 27 3724 720 795 1140 4646 570 28 7518 5759 18
641 1282 641 641 744 1106950 3572 3572 86 86 67
180 14 156 121825 66 5247 960364 148405
946 8 768 616 107206
1086 9758 12723 942 264 10744 2 840 236 15
86 0.161712585694 107758 126
311066 6625 516 86 172 3021 270 208210 36525
1929 14 147520 142 72 252
32 295 87 56 12 24 83284 2620 912 7268 1353 40 5759 3
270 128 66 33 11355975 123 29681 15653
462 96 550 4270 24 154 51144 800128 89163
172 726 33
51066 41 21707 2 780 0 268775
180 186 3952 63 115180 1431 626 93030
4575 192 24365 154 3740 170 145 616 456 3638 209096
250040.0 9802.45309735 898 1947 33 15
211 68 18 10 28322 3987 3 60 0 268775
702195 20 6144 0 121825 72
1688 68 36 48 86385 36
24 42 1520 18 223564 9460 53 271559 17248
30200 42 98 1062 11 12768 12.502 70320 0.191162079511 208 12847 3
180 62 649881 13100 56 708 24 5759 3
180 18 24 1140 16 10 106624 21264 9644 215 1075 80012
180 186 748 2765 270 641 8974 447200
22 305 18 41276 28576 132713 120 2492750
180 105 19720 2 2400 477 645 1505
3562 2925 222 380 8 7 2256150 86 172
350 25 86385 28302 11 1336 26 3084 41 271559 38895 13 15064
645 6188 11 0.181188405797 9288980 85 15
12336 4 765375 7422 48 5759 86 86 795 52 27466
170 170 133 11355
1206 844 26588 435 1974 1345 3101 504 1298 447200
43 3360 38 60691 2 5742 1434 86 86 344
45 2400 795 1205 8 161252
66 24 28725.2219321 563808945.0 33 33 435 22 76245
3648 165 20 433 162 1061 14310 7626 4 107206
78 9555 3498 4096 3225 215 36769 0.506222162235 3987 952
46007 1335 57590 1562 966 13 1351 2222 56 795 780 46515 8.74265734266 217070
724 4167 29169 50055 10406 43 86385 36
1266 34 36 32 33 33 24 5759 3
395 20 106405 1176.65882353 1238
